hum = [
20
25
30
35
40
45
50
55
60
65
70
75
80
85
90
];
temp20 = [
6700000
3400000
1750000
850000
420000
210000
115000
64000
39000
24000
15500
10000
7000
4800
3300
];
temp25 =[
5000000
2600000
1300000
630000
310000
160000
87000
49000
31000
19500
13000
8400
5700
4000
2800
];
temp30 = [
3900000
1900000
970000
460000
235000
125000
69000
39000
25000
16000
10500
7200
5000
3500
2500
];
temp35=[
3000000
1500000
740000
380000
190000
100000
56000
33000
20000
13000
9000
6200
4300
3100
2200

];
temp40=[
2400000
1100000
570000
280000
140000
78000
45000
27000
17500
11500
8000
5600
3900
2800
2000
];
temp45=[
1750000
880000
420000
210000
110000
64000
38000
24000
15000
10000
7000
4900
3400
2400
1800
];
a= [
301.1
305.6
323.7
317.8
339.1
335.9
]
b=[
-0.119
-0.1266
-0.1457
-0.1384
-0.1556
-0.1537
]
c=[
-25.21
-22.18
-15.76
-17.91
-13.82
-16.33

]
T = [
20
25
30
35
40
45



]


