x = [
-55
-54
-53
-52
-51
-50
-49
-48
-47
-46
-45
-44
-43
-42
-41
-40
-39
-38
-37
-36
-35
-34
-33
-32
-31
-30
-29
-28
-27
-26
-25
-24
-23
-22
-21
-20
-19
-18
-17
-16
-15
-14
-13
-12
-11
-10
-9
-8
-7
-6
-5
-4
-3
-2
-1
0
1
2
3
4
5
6
7
8
9
10
11
12
13
14
15
16
17
18
19
20
21
22
23
24
25
26
27
28
29
30
31
32
33
34
35
36
37
38
39
40
41
42
43
44
45
46
47
48
49
50
51
52
53
54
55
56
57
58
59
60
61
62
63
64
65
66
67
68
69
70
71
72
73
74
75
76
77
78
79
80
81
82
83
84
85
86
87
88
89
90
91
92
93
94
95
96
97
98
99
100
101
102
103
104
105
106
107
108
109
110
111
112
113
114
115
116
117
118
119
120
121
122
123
124
125
];
y = [
583.542
554.647
526.968
500.480
475.159
450.974
427.897
405.892
384.927
364.967
345.975
327.915
310.751
294.448
278.969
264.279
250.344
237.130
224.603
212.733
201.487
190.836
180.750
171.201
162.163
153.610
145.516
137.858
130.614
123.761
117.280
111.149
105.351
99.867
94.681
89.776
85.137
80.750
76.600
72.676
68.963
65.451
62.129
58.986
56.012
53.198
50.534
48.013
45.627
43.368
41.229
39.204
37.285
35.468
33.747
32.116
30.570
29.105
27.716
26.399
25.150
23.965
22.842
21.776
20.764
19.783
18.892
18.026
17.204
16.423
15.681
14.976
14.306
13.669
13.063
12.487
11.939
11.418
10.921
10.449
10.000
9.571
9.164
8.775
8.405
8.052
7.716
7.396
7.090
6.798
6.520
6.255
6.002
5.760
5.529
5.309
5.098
4.897
4.704
4.521
4.345
4.177
4.016
3.863
3.716
3.588
3.440
3.311
3.188
3.069
2.956
2.848
2.744
2.644
2.548
2.457
2.369
2.284
2.204
2.126
2.051
1.980
1.911
1.845
1.782
1.721
1.663
1.606
1.552
1.500
1.450
1.402
1.356
1.312
1.269
1.228
1.188
1.150
1.113
1.078
1.044
1.011
0.979
0.948
0.919
0.891
0.863
0.837
0.811
0.787
0.763
0.740
0.718
0.697
0.676
0.657
0.637
0.619
0.601
0.584
0.567
0.551
0.535
0.520
0.505
0.491
0.477
0.464
0.451
0.439
0.427
0.415
0.404
0.393
0.383
0.373
0.363
0.353
0.344
0.335
0.326
];